%YAML:1.0
---
K: !!opencv-matrix
   rows: 3
   cols: 3
   dt: d
   data: [ 2.1608131291356185e+03, 0., 1.5579451171561979e+02, 0.,
       2.3605761532025531e+03, 1.8191844404339224e+02, 0., 0., 1. ]
D: !!opencv-matrix
   rows: 1
   cols: 5
   dt: d
   data: [ -4.7756430709700268e+01, 1.2634356242472461e+04,
       -3.6482657868441964e-01, -3.8444803514032505e-01,
       4.0627639708830351e+01 ]
